0 0.3217665615141956 0.36273190531865607 0.05678233438485801 0.11396174803114867
0 0.25157728706624605 0.4864220952549029 0.06782334384858042 0.11674130286117666
0 0.4085173501577287 0.7866140168979285 0.04731861198738166 0.10562308354106463
0 0.4400630914826499 0.8880677681939511 0.0788643533123028 0.13063907701131683
0 0.5362776025236593 0.4989300919900289 0.06309148264984231 0.1139617480311486
0 0.44716088328075715 0.4627958791996647 0.06466876971608833 0.10284352871103664
0 0.8895899053627762 0.4391696631444266 0.06940063091482657 0.11118219320112069
1 0.06466876971608833 0.6476362753965277 0.028391167192429023 0.32242836028324995
1 0.06230283911671924 0.22514394123226936 0.02681388012618297 0.20012794776201723
1 0.8714511041009465 0.8377159118484039 0.03312302839116725 0.32456817630319207
