0 0.20748901567315892 0.16496163682864448 0.04940214658884735 0.053708439897698225
0 0.2914726648741994 0.17007672634271098 0.03952171727107792 0.053708439897698225
0 0.08768881019520405 0.268542199488491 0.03705160994163552 0.040920716112531966
0 0.33840470413360435 0.29923273657289 0.04940214658884735 0.07161125319693099
0 0.7756137014449035 0.3542199488491049 0.03952171727107782 0.04347826086956523
0 0.4606750169410016 0.7468030690537085 0.05681246857717447 0.05626598465473151
1 0.3396397577983256 0.46930946291560105 0.12597547380156077 0.038363171355498764
1 0.9374057315233787 0.28772378516624036 0.012350536647211925 0.09974424552429664
0 0.09756923951297354 0.3542199488491049 0.051872253918289715 0.038363171355498694
0 0.09880429317769472 0.3989769820971867 0.04446193192996262 0.04603580562659843
1 0.1556167617548692 0.10613810741687979 0.06422279056550156 0.023017902813299216
1 0.4520296412879533 0.1969309462915601 0.024701073294423635 0.11253196930946294
0 0.5952958663956107 0.3593350383631714 0.034581502612193164 0.028132992327365686
