0 0.23657289002557544 0.22250639386189255 0.05257175333901678 0.08184143222506393
0 0.5612034668940039 0.23273657289002558 0.04468599033816425 0.05115089514066493
0 0.5020602443876101 0.23145780051150897 0.057828928672918424 0.0485933503836317
0 0.7399474282466609 0.29028132992327366 0.049943165672065956 0.05882352941176471
0 0.552003410059676 0.45268542199488493 0.07885763000852507 0.06649616368286437
0 0.5388604717249218 0.5524296675191817 0.057828928672918424 0.06649616368286437
0 0.6913185564080705 0.8171355498721228 0.05782892867291849 0.058823529411764636
0 0.6768613242398408 0.9386189258312021 0.06045751633986925 0.08184143222506393
0 0.7675475987496446 0.9411764705882354 0.08411480534242671 0.08695652173913046
0 0.9370915032679739 0.5818414322250639 0.04468599033816417 0.06393861892583125
0 0.8188050582551861 0.3938618925831202 0.06571469167377103 0.06649616368286444
0 0.6913185564080703 0.3759590792838875 0.0788576300085252 0.051150895140664975
0 0.6821184995737426 0.43989769820971864 0.0552003410059676 0.05626598465473151
0 0.680804205740267 0.5025575447570333 0.047314578005115064 0.05370843989769824
1 0.05651463483944303 0.17135549872122763 0.05520034100596761 0.12276214833759588
1 0.4258312020460358 0.04603580562659847 0.11565785734583685 0.04603580562659846
1 0.6058894572321681 0.043478260869565216 0.12354362034668938 0.051150895140664954
1 0.7780619494174482 0.04603580562659847 0.12091503267973863 0.04603580562659846
1 0.16428672918442738 0.5230179028132992 0.12880079568059108 0.05370843989769824
1 0.2878303495311168 0.5242966751918158 0.09725774367718103 0.0460358056265985
1 0.3929738562091502 0.5268542199488491 0.08674339300937767 0.04603580562659843
0 0.6072037510656436 0.40153452685422 0.05257175333901678 0.051150895140664975
1 0.9160628019323671 0.3516624040920716 0.028914464336459104 0.06393861892583122
1 0.9173770957658425 0.4641943734015345 0.03680022733731164 0.07416879795396411
