0 0.20254880101427417 0.16879795396419436 0.0592825759066168 0.051150895140664954
0 0.2902376112094782 0.16624040920716113 0.046932039259404944 0.04603580562659849
0 0.7731435941154612 0.23145780051150894 0.034581502612193164 0.038363171355498694
0 0.20995912300260128 0.33887468030690543 0.034581502612193164 0.0332480818414323
0 0.08398364920104051 0.2608695652173913 0.029641287953308428 0.030690537084398953
0 0.09139397118936761 0.3491048593350384 0.054342361247732104 0.04347826086956516
0 0.5940608127308895 0.3580562659846548 0.041991824600520145 0.03580562659846542
0 0.4507945876232322 0.7365728900255755 0.046932039259404944 0.04603580562659843
1 0.14820643976654208 0.10613810741687979 0.08892386385992523 0.02813299232736572
1 0.45079458762323216 0.1969309462915601 0.02223096596498131 0.11253196930946294
0 0.33840470413360435 0.2953964194373402 0.04940214658884735 0.06905370843989775
1 0.3729862067457975 0.6662404092071611 0.024701073294423635 0.05882352941176471
1 0.3507552407808162 0.47186700767263434 0.14820643976654208 0.0332480818414323
0 0.7793188624390672 0.3542199488491049 0.04199182460052029 0.038363171355498694
1 0.5545390954598116 0.2928388746803069 0.02223096596498131 0.07416879795396422
1 0.9374057315233787 0.2851662404092072 0.027171180623866035 0.10997442455242971
0 0.154381708090148 0.28388746803069054 0.041991824600520256 0.040920716112532035
