0 0.349196033234055 0.4539641943734014 0.0680484577584312 0.06393861892583125
0 0.3411376632363461 0.13810741687979536 0.05909471331653236 0.07672634271099744
0 0.2336927299335599 0.4398976982097186 0.05909471331653233 0.08695652173913039
0 0.6679493353656539 0.485933503836317 0.0752114533119503 0.0971867007672634
0 0.3402422887921562 0.9168797953964193 0.07162995553519082 0.058823529411764636
0 0.34382378656891577 0.829923273657289 0.07879295108870984 0.05370843989769824
1 0.03312885443502574 0.32992327365728896 0.037605726655975155 0.17391304347826084
1 0.03133810554664596 0.5485933503836317 0.0411872244327347 0.18670076726342708
1 0.02865198221407631 0.7493606138107416 0.03223347999083585 0.11253196930946288
1 0.6858568242494516 0.15473145780051148 0.12535242218658382 0.08439897698209718
1 0.8147907442127951 0.7199488491048592 0.01790748888379767 0.27365728900255754
