0 0.17112378491987038 0.47368421052631576 0.08016609743993929 0.12500000000000008
0 0.5133713547596112 0.3651315789473684 0.055499605919957916 0.14473684210526316
0 0.6274538780395248 0.7302631578947368 0.06474954023995089 0.1644736842105263
0 0.7145574262194587 0.3388157894736842 0.05704126163995681 0.13157894736842107
0 0.8664105146393439 0.8174342105263157 0.055499605919957985 0.12171052631578959
0 0.9327017105992936 0.7680921052631579 0.06783285167994862 0.12171052631578945
0 0.929618399159296 0.9391447368421052 0.055499605919957985 0.12171052631578945
1 0.18731116997985814 0.700657894736842 0.026208147239980165 0.2565789473684211
1 0.19039448141985582 0.29276315789473684 0.02004152435998485 0.2171052631578948
1 0.9635348249992702 0.47039473684210525 0.030833114399976724 0.2171052631578948
0 0.657516164579502 0.9490131578947368 0.057041261639956674 0.1019736842105263
