0 0.33593459680416204 0.2915601023017903 0.0592825759066168 0.07672634271099746
0 0.15067654709598444 0.2813299232736573 0.054342361247732104 0.05626598465473144
0 0.2000786936848318 0.16496163682864448 0.04446193192996262 0.043478260869565216
0 0.28900255754475707 0.1636828644501279 0.04446193192996262 0.04603580562659845
0 0.5965309200603319 0.35549872122762155 0.03211139528275091 0.0511508951406649
0 0.7780838087743459 0.35038363171355497 0.034581502612193164 0.06138107416879794
1 0.154381708090148 0.10741687979539641 0.06669289789494393 0.020460358056265983
1 0.3408748114630468 0.4705882352941177 0.13338579578988793 0.03580562659846549
0 0.08892386385992525 0.26086956521739135 0.024701073294423673 0.03580562659846553
1 0.45079458762323216 0.18925831202046037 0.027171180623866035 0.09718670076726342
0 0.45202964128795337 0.748081841432225 0.034581502612193164 0.043478260869565306
1 0.3705160994163552 0.6636828644501278 0.01976085863553891 0.053708439897698315
