0 0.2975333996558629 0.40025575447570333 0.06130991265635966 0.09462915601023013
0 0.23802671972469036 0.24680306905370844 0.05409698175561143 0.06905370843989772
0 0.2389283360872839 0.38746803069053715 0.04868728358005036 0.0843989769820972
0 0.2479444997132191 0.618925831202046 0.06311314538154672 0.10230179028132995
0 0.18933943614464005 0.6406649616368287 0.06130991265635965 0.08951406649616367
0 0.784406235456366 0.3861892583120205 0.04688405085486323 0.08695652173913046
0 0.5067083957775605 0.13043478260869568 0.0613099126563597 0.08184143222506395
0 0.6789171210329237 0.09207161125319693 0.070326076282295 0.09718670076726343
0 0.6167055920139703 0.12020460358056266 0.05049051630523728 0.08695652173913043
0 0.8258805881356682 0.9373401534526855 0.06852284355710779 0.09462915601023013
0 0.467938892186039 0.6368286445012789 0.045080818129676174 0.06138107416879798
1 0.9250583880209556 0.9002557544757033 0.039671119954115 0.03580562659846549
1 0.5878538684109778 0.7225063938618926 0.02885172360299272 0.1918158567774936
1 0.5914603338613519 0.29923273657289 0.03606465450374095 0.14322250639386186
1 0.5896571011361647 0.4961636828644501 0.025245258152618747 0.13810741687979536
0 0.922353538933175 0.05882352941176471 0.07753900718304309 0.09207161125319693
0 0.4535130303845426 0.1278772378516624 0.045080818129676244 0.09718670076726343
