0 0.05802476179608604 0.3989769820971867 0.052138191758801945 0.06649616368286444
0 0.28760099325016564 0.39258312020460356 0.03700129737721429 0.06905370843989772
0 0.3464666936230066 0.40792838874680304 0.053820068912311746 0.05370843989769824
0 0.41626459549366074 0.47570332480818406 0.03531942022370458 0.07672634271099746
0 0.42635585841471924 0.1918158567774936 0.04541068314476299 0.07161125319693093
0 0.8510298396759285 0.4130434782608695 0.040365051684233745 0.06905370843989765
0 0.8712123655180455 0.5230179028132992 0.04709256029827273 0.0485933503836317
0 0.8459842082153993 0.6355498721227621 0.05045631460529222 0.07928388746803058
0 0.724889053162698 0.8005115089514067 0.04372880599125338 0.056265984654731656
0 0.5878160651516543 0.6329923273657289 0.04877443745178241 0.06905370843989772
0 0.6374314411801916 0.6342710997442456 0.040365051684233745 0.07672634271099746
0 0.80982384941494 0.7455242966751919 0.04541068314476291 0.0485933503836317
1 0.8770989355553296 0.13554987212276215 0.09250324344303579 0.05115089514066493
1 0.22705341572381496 0.30306905370843995 0.023546280149136366 0.08439897698209724
0 0.39103643819101463 0.6355498721227621 0.042046928837743566 0.08439897698209713
0 0.30694258051552764 0.7749360613810741 0.05213819175880193 0.0971867007672634
0 0.3893545610375049 0.7749360613810741 0.055501946065821386 0.0971867007672634
1 0.12950454082025 0.5076726342710998 0.09082136628952597 0.04859335038363177
1 0.4885853130945796 0.22250639386189255 0.06559320898687986 0.040920716112531924
1 0.6761146157109157 0.13299232736572889 0.09418512059654553 0.03580562659846546
1 0.5785657408073507 0.1317135549872123 0.09418512059654546 0.043478260869565216
1 0.9721249947286299 0.5025575447570333 0.016818771535097456 0.0741687979539642
1 0.8745761198250651 0.8721227621483376 0.08073010336846764 0.040920716112532035
1 0.7745044291912356 0.8721227621483376 0.055501946065821386 0.03580562659846549
1 0.6668642913666121 0.870843989769821 0.08241198052197717 0.0485933503836317
1 0.5087678389366965 0.8734015345268543 0.09250324344303586 0.0485933503836317
1 0.23125810860758933 0.42327365728900257 0.025228157302646076 0.09974424552429667
