0 0.37965482907401255 0.2007672634271099 0.04082309990043143 0.03836317135549873
0 0.17553932957185528 0.18286445012787722 0.040823099900431446 0.03836317135549873
0 0.2871224692997012 0.6048593350383631 0.035380019913707234 0.04859335038363177
0 0.25038167938931294 0.6777493606138107 0.03265847992034516 0.020460358056265875
0 0.41775638898108186 0.6803069053708439 0.035380019913707275 0.025575447570332414
0 0.6531695984069033 0.6061381074168797 0.04354463989379347 0.030690537084398953
0 0.41231330899435775 0.2365728900255754 0.029936939926983045 0.02301790281329925
0 0.5062064387653501 0.14705882352941174 0.03265847992034516 0.02301790281329925
0 0.4136740789910388 0.14450127877237848 0.038101559907069385 0.023017902813299216
0 0.29528708927978753 0.7736572890025575 0.035380019913707275 0.038363171355498764
0 0.3755725190839694 0.778772378516624 0.03265847992034516 0.03324808184143222
0 0.476269498838367 0.7493606138107416 0.038101559907069316 0.040920716112532035
0 0.4694656488549617 0.8337595907928388 0.035380019913707275 0.03580562659846549
1 0.8763358778625954 0.5447570332480818 0.02177231994689677 0.030690537084398953
1 0.868171257882509 0.6214833759590792 0.027215399933621 0.030690537084398953
1 0.8708927978758711 0.7531969309462915 0.016329239960172545 0.038363171355498764
1 0.449054098904746 0.578005115089514 0.07076003982741455 0.025575447570332414
1 0.3524394291403915 0.5767263427109974 0.05715233986060404 0.023017902813299143
1 0.45721871888483234 0.0370843989769821 0.08164619980086293 0.043478260869565216
0 0.72665117822768 0.6342710997442453 0.027215399933621 0.03580562659846542
0 0.36468635911052105 0.3606138107416879 0.0489877198805177 0.040920716112531966
0 0.3429140391636243 0.24168797953964194 0.04354463989379347 0.02813299232736572
