0 0.2939269342054888 0.40153452685422 0.05409698175561143 0.08184143222506393
0 0.24163318517506444 0.24936061381074168 0.06130991265635963 0.06905370843989768
0 0.2362234869995033 0.38746803069053715 0.04688405085486323 0.0843989769820972
0 0.2506493488009997 0.6112531969309463 0.05409698175561143 0.08184143222506393
0 0.18843781978204655 0.6355498721227621 0.05950667993117259 0.05882352941176471
0 0.6230169065521252 0.12531969309462915 0.06311314538154669 0.07672634271099746
0 0.50400354668978 0.12787723785166238 0.05229374903042434 0.08695652173913045
0 0.7835046190937724 0.3925831202046037 0.05950667993117264 0.10485933503836314
0 0.9223535389331751 0.05370843989769822 0.08475193808379117 0.10230179028132992
1 0.9259600043835492 0.8951406649616368 0.045080818129676174 0.03580562659846549
0 0.46793889218603896 0.6329923273657289 0.05590021448079845 0.07928388746803072
1 0.5932635665865389 0.30051150895140666 0.039671119954115 0.1406649616368286
0 0.6798187373955171 0.08823529411764706 0.054096981755611465 0.09462915601023017
1 0.5923619502239452 0.7340153452685422 0.03065495632817985 0.2046035805626599
