0 0.4136740789910388 0.14194373401534524 0.038101559907069385 0.038363171355498694
0 0.502124128775307 0.1445012787723785 0.04082309990043143 0.028132992327365738
0 0.3782940590773315 0.2007672634271099 0.027215399933621 0.03836317135549873
0 0.4136740789910388 0.23913043478260868 0.03265847992034516 0.03324808184143222
0 0.17145701958181214 0.1841432225063938 0.04354463989379356 0.04603580562659847
0 0.36196481911715894 0.3682864450127877 0.038101559907069385 0.03580562659846549
0 0.28848323929638225 0.5984654731457799 0.03810155990706935 0.03580562659846549
0 0.24902090939263188 0.6764705882352939 0.02993693992698308 0.023017902813299285
0 0.25038167938931294 0.6445012787723783 0.03265847992034516 0.03580562659846542
0 0.41503484898771986 0.6815856777493604 0.035380019913707275 0.023017902813299285
0 0.4789910388317291 0.7480818414322249 0.03265847992034516 0.038363171355498764
0 0.47490872884168595 0.840153452685422 0.029936939926983114 0.028132992327365686
1 0.8763358778625954 0.5498721227621483 0.016329239960172545 0.030690537084399096
1 0.8749751078659141 0.6240409207161125 0.019050779953534658 0.04092071611253182
1 0.8736143378692333 0.6854219948849104 0.027215399933621 0.05626598465473137
1 0.872253567872552 0.7519181585677748 0.024493859940258888 0.04603580562659857
1 0.5388649186856952 0.3017902813299232 0.03265847992034516 0.06649616368286444
1 0.4626617988715565 0.03964194373401534 0.054430799867242 0.028132992327365727
0 0.730733488217723 0.6406649616368285 0.035380019913707345 0.0332480818414323
0 0.646365748423498 0.6061381074168797 0.040823099900431356 0.0460358056265985
0 0.33611018918021895 0.24168797953964194 0.029936939926983045 0.02813299232736572
1 0.2626286093594424 0.35166240409207156 0.05715233986060404 0.017902813299232746
1 0.4531364088947892 0.3529411764705882 0.06803849983405243 0.03580562659846549
1 0.45041486890142707 0.5767263427109973 0.06803849983405243 0.03324808184143222
